SRR13258790.446344	CP135021.1	218	217	1	217	3.27e-105	396	1470492
SRR13258790.370560	CP135018.1	245	243	1	243	1.71e-118	440	1470492
SRR13258790.623018	CP135021.1	212	217	1	211	2.57e-96	366	1470492
SRR13258790.584842	CP135021.1	379	379	1	379	0.0	688	1470492
SRR13258790.538241	CP135021.1	248	246	1	246	1.35e-114	427	1470492
SRR13258790.586720	CP135021.1	312	312	1	312	2.80e-152	553	1470492
SRR13258790.634888	CP135021.1	253	253	1	253	8.26e-122	451	1470492
SRR13258790.157461	CP135021.1	305	304	1	304	9.79e-152	551	1470492
SRR13258790.223142	CP135018.1	253	253	1	253	4.97e-119	442	1470492
SRR13258790.198580	CP135021.1	398	398	1	398	0.0	717	1470492
SRR13258790.104235	CP135021.1	330	327	1	327	3.80e-156	566	1470492
SRR13258790.142487	CP135021.1	213	213	1	213	1.15e-104	394	1470492
SRR13258790.500822	CP135021.1	202	202	1	202	2.37e-96	366	1470492
SRR13258790.103333	CP135021.1	266	265	1	265	1.86e-128	473	1470492
SRR13258790.541949	CP135021.1	324	323	1	323	2.92e-152	553	1470492
SRR13258790.159005	CP135018.1	250	249	1	249	2.27e-117	436	1470492
SRR13258790.50244	CP135021.1	244	242	1	242	1.02e-115	431	1470492
SRR13258790.308837	CP135021.1	365	365	1	365	8.98e-178	638	1470492
